   0.0000000e+00   1.3300000e+00   2.3200000e+00   1.9800000e+00   4.7600000e+00   6.8000000e-01   1.8000000e-01   7.2000000e-01   2.9900000e+00   2.9300000e+00   2.1600000e+00   2.3000000e-01   9.0000000e-02   7.3000000e-01   2.7500000e+00   1.1200000e+00
   1.3300000e+00   0.0000000e+00   9.9000000e-01   3.3100000e+00   6.0900000e+00   2.0100000e+00   1.1500000e+00   2.0500000e+00   1.6600000e+00   1.6000000e+00   3.4900000e+00   1.1000000e+00   1.4200000e+00   2.0600000e+00   4.0800000e+00   2.1000000e-01
   2.3200000e+00   9.9000000e-01   0.0000000e+00   4.3000000e+00   7.0800000e+00   3.0000000e+00   2.1400000e+00   3.0400000e+00   6.7000000e-01   6.1000000e-01   4.4800000e+00   2.0900000e+00   2.4100000e+00   3.0500000e+00   5.0700000e+00   1.2000000e+00
   1.9800000e+00   3.3100000e+00   4.3000000e+00   0.0000000e+00   2.7800000e+00   1.3000000e+00   2.1600000e+00   1.2600000e+00   4.9700000e+00   4.9100000e+00   1.8000000e-01   2.2100000e+00   1.8900000e+00   1.2500000e+00   7.7000000e-01   3.1000000e+00
   4.7600000e+00   6.0900000e+00   7.0800000e+00   2.7800000e+00   0.0000000e+00   4.0800000e+00   4.9400000e+00   4.0400000e+00   7.7500000e+00   7.6900000e+00   2.6000000e+00   4.9900000e+00   4.6700000e+00   4.0300000e+00   2.0100000e+00   5.8800000e+00
   6.8000000e-01   2.0100000e+00   3.0000000e+00   1.3000000e+00   4.0800000e+00   0.0000000e+00   8.6000000e-01   4.0000000e-02   3.6700000e+00   3.6100000e+00   1.4800000e+00   9.1000000e-01   5.9000000e-01   5.0000000e-02   2.0700000e+00   1.8000000e+00
   1.8000000e-01   1.1500000e+00   2.1400000e+00   2.1600000e+00   4.9400000e+00   8.6000000e-01   0.0000000e+00   9.0000000e-01   2.8100000e+00   2.7500000e+00   2.3400000e+00   5.0000000e-02   2.7000000e-01   9.1000000e-01   2.9300000e+00   9.4000000e-01
   7.2000000e-01   2.0500000e+00   3.0400000e+00   1.2600000e+00   4.0400000e+00   4.0000000e-02   9.0000000e-01   0.0000000e+00   3.7100000e+00   3.6500000e+00   1.4400000e+00   9.5000000e-01   6.3000000e-01   1.0000000e-02   2.0300000e+00   1.8400000e+00
   2.9900000e+00   1.6600000e+00   6.7000000e-01   4.9700000e+00   7.7500000e+00   3.6700000e+00   2.8100000e+00   3.7100000e+00   0.0000000e+00   6.0000000e-02   5.1500000e+00   2.7600000e+00   3.0800000e+00   3.7200000e+00   5.7400000e+00   1.8700000e+00
   2.9300000e+00   1.6000000e+00   6.1000000e-01   4.9100000e+00   7.6900000e+00   3.6100000e+00   2.7500000e+00   3.6500000e+00   6.0000000e-02   0.0000000e+00   5.0900000e+00   2.7000000e+00   3.0200000e+00   3.6600000e+00   5.6800000e+00   1.8100000e+00
   2.1600000e+00   3.4900000e+00   4.4800000e+00   1.8000000e-01   2.6000000e+00   1.4800000e+00   2.3400000e+00   1.4400000e+00   5.1500000e+00   5.0900000e+00   0.0000000e+00   2.3900000e+00   2.0700000e+00   1.4300000e+00   5.9000000e-01   3.2800000e+00
   2.3000000e-01   1.1000000e+00   2.0900000e+00   2.2100000e+00   4.9900000e+00   9.1000000e-01   5.0000000e-02   9.5000000e-01   2.7600000e+00   2.7000000e+00   2.3900000e+00   0.0000000e+00   3.2000000e-01   9.6000000e-01   2.9800000e+00   8.9000000e-01
   9.0000000e-02   1.4200000e+00   2.4100000e+00   1.8900000e+00   4.6700000e+00   5.9000000e-01   2.7000000e-01   6.3000000e-01   3.0800000e+00   3.0200000e+00   2.0700000e+00   3.2000000e-01   0.0000000e+00   6.4000000e-01   2.6600000e+00   1.2100000e+00
   7.3000000e-01   2.0600000e+00   3.0500000e+00   1.2500000e+00   4.0300000e+00   5.0000000e-02   9.1000000e-01   1.0000000e-02   3.7200000e+00   3.6600000e+00   1.4300000e+00   9.6000000e-01   6.4000000e-01   0.0000000e+00   2.0200000e+00   1.8500000e+00
   2.7500000e+00   4.0800000e+00   5.0700000e+00   7.7000000e-01   2.0100000e+00   2.0700000e+00   2.9300000e+00   2.0300000e+00   5.7400000e+00   5.6800000e+00   5.9000000e-01   2.9800000e+00   2.6600000e+00   2.0200000e+00   0.0000000e+00   3.8700000e+00
   1.1200000e+00   2.1000000e-01   1.2000000e+00   3.1000000e+00   5.8800000e+00   1.8000000e+00   9.4000000e-01   1.8400000e+00   1.8700000e+00   1.8100000e+00   3.2800000e+00   8.9000000e-01   1.2100000e+00   1.8500000e+00   3.8700000e+00   0.0000000e+00
